# Created by Octave 4.0.3, Tue Dec 04 23:56:19 2018 GMT <cham@linux-8ouh>
# name: densityVector
# type: matrix
# rows: 1
# columns: 1000
 0.0013 0.00116 0.00104 0.0009389999999999999 0.000845 0.000758 0.000677 0.000601 0.00053 0.000464 0.000402 0.000346 0.000295 0.000252 0.000214 0.000183 0.000156 0.000134 0.000114 9.780000000000001e-05 8.339999999999999e-05 7.1e-05 6.03e-05 5.11e-05 4.33e-05 3.66e-05 3.09e-05 2.61e-05 2.2e-05 1.86e-05 1.57e-05 1.33e-05 1.12e-05 9.480000000000001e-06 8.039999999999999e-06 6.84e-06 5.83e-06 4.99e-06 4.28e-06 3.68e-06 3.18e-06 2.75e-06 2.38e-06 2.07e-06 1.81e-06 1.58e-06 1.39e-06 1.22e-06 1.08e-06 9.49e-07 8.37e-07 7.39e-07 6.52e-07 5.76e-07 5.08e-07 4.47e-07 3.93e-07 3.46e-07 3.03e-07 2.66e-07 2.33e-07 2.04e-07 1.78e-07 1.56e-07 1.36e-07 1.18e-07 1.03e-07 8.95e-08 7.78e-08 6.75e-08 5.86e-08 5.08e-08 4.4e-08 3.81e-08 3.3e-08 2.86e-08 2.48e-08 2.15e-08 1.87e-08 1.62e-08 1.4e-08 1.21e-08 1.05e-08 9e-09 7.74e-09 6.64e-09 5.69e-09 4.86e-09 4.14e-09 3.53e-09 2.99e-09 2.54e-09 2.14e-09 1.81e-09 1.52e-09 1.28e-09 1.07e-09 8.94e-10 7.46e-10 6.22e-10 5.17e-10 4.3e-10 3.57e-10 2.97e-10 2.47e-10 2.05e-10 1.71e-10 1.43e-10 1.2e-10 1e-10 8.42e-11 7.09e-11 6e-11 5.09e-11 4.33e-11 3.7e-11 3.18e-11 2.75e-11 2.38e-11 2.08e-11 1.84e-11 1.63e-11 1.46e-11 1.32e-11 1.21e-11 1.1e-11 1.01e-11 9.32e-12 8.59e-12 7.94e-12 7.359999999999999e-12 6.83e-12 6.36e-12 5.92e-12 5.53e-12 5.17e-12 4.84e-12 4.54e-12 4.27e-12 4.01e-12 3.78e-12 3.56e-12 3.36e-12 3.18e-12 3e-12 2.84e-12 2.69e-12 2.56e-12 2.43e-12 2.3e-12 2.19e-12 2.08e-12 1.98e-12 1.89e-12 1.8e-12 1.72e-12 1.64e-12 1.57e-12 1.5e-12 1.43e-12 1.37e-12 1.31e-12 1.25e-12 1.2e-12 1.15e-12 1.1e-12 1.06e-12 1.02e-12 9.75e-13 9.369999999999999e-13 9e-13 8.650000000000001e-13 8.32e-13 8e-13 7.7e-13 7.41e-13 7.13e-13 6.87e-13 6.62e-13 6.38e-13 6.15e-13 5.93e-13 5.72e-13 5.52e-13 5.32e-13 5.14e-13 4.96e-13 4.79e-13 4.63e-13 4.47e-13 4.32e-13 4.17e-13 4.04e-13 3.9e-13 3.77e-13 3.65e-13 3.53e-13 3.42e-13 3.31e-13 3.2e-13 3.1e-13 3e-13 2.91e-13 2.82e-13 2.73e-13 2.65e-13 2.56e-13 2.49e-13 2.41e-13 2.34e-13 2.27e-13 2.2e-13 2.13e-13 2.07e-13 2.01e-13 1.95e-13 1.89e-13 1.84e-13 1.78e-13 1.73e-13 1.68e-13 1.63e-13 1.59e-13 1.54e-13 1.5e-13 1.45e-13 1.41e-13 1.37e-13 1.34e-13 1.3e-13 1.26e-13 1.23e-13 1.19e-13 1.16e-13 1.13e-13 1.1e-13 1.07e-13 1.04e-13 1.01e-13 9.85e-14 9.580000000000001e-14 9.33e-14 9.08e-14 8.839999999999999e-14 8.609999999999999e-14 8.379999999999999e-14 8.16e-14 7.95e-14 7.74e-14 7.54e-14 7.35e-14 7.160000000000001e-14 6.98e-14 6.8e-14 6.62e-14 6.46e-14 6.29e-14 6.13e-14 5.98e-14 5.83e-14 5.68e-14 5.54e-14 5.4e-14 5.27e-14 5.14e-14 5.01e-14 4.89e-14 4.77e-14 4.65e-14 4.54e-14 4.43e-14 4.32e-14 4.22e-14 4.12e-14 4.02e-14 3.92e-14 3.83e-14 3.74e-14 3.65e-14 3.56e-14 3.48e-14 3.39e-14 3.31e-14 3.24e-14 3.16e-14 3.09e-14 3.01e-14 2.94e-14 2.88e-14 2.81e-14 2.75e-14 2.68e-14 2.62e-14 2.56e-14 2.5e-14 2.45e-14 2.39e-14 2.34e-14 2.28e-14 2.23e-14 2.18e-14 2.13e-14 2.08e-14 2.04e-14 1.99e-14 1.95e-14 1.9e-14 1.86e-14 1.82e-14 1.78e-14 1.74e-14 1.7e-14 1.67e-14 1.63e-14 1.59e-14 1.56e-14 1.53e-14 1.49e-14 1.46e-14 1.43e-14 1.4e-14 1.37e-14 1.34e-14 1.31e-14 1.28e-14 1.25e-14 1.23e-14 1.2e-14 1.18e-14 1.15e-14 1.13e-14 1.1e-14 1.08e-14 1.06e-14 1.03e-14 1.01e-14 9.900000000000001e-15 9.700000000000001e-15 9.490000000000001e-15 9.3e-15 9.1e-15 8.91e-15 8.729999999999999e-15 8.55e-15 8.37e-15 8.200000000000001e-15 8.03e-15 7.860000000000001e-15 7.7e-15 7.54e-15 7.390000000000001e-15 7.239999999999999e-15 7.09e-15 6.95e-15 6.8e-15 6.67e-15 6.53e-15 6.4e-15 6.27e-15 6.14e-15 6.02e-15 5.9e-15 5.78e-15 5.66e-15 5.55e-15 5.44e-15 5.33e-15 5.22e-15 5.12e-15 5.02e-15 4.92e-15 4.82e-15 4.72e-15 4.63e-15 4.54e-15 4.45e-15 4.36e-15 4.27e-15 4.19e-15 4.11e-15 4.03e-15 3.95e-15 3.87e-15 3.8e-15 3.72e-15 3.65e-15 3.58e-15 3.51e-15 3.44e-15 3.37e-15 3.31e-15 3.24e-15 3.18e-15 3.12e-15 3.06e-15 3e-15 2.94e-15 2.89e-15 2.83e-15 2.78e-15 2.72e-15 2.67e-15 2.62e-15 2.57e-15 2.52e-15 2.47e-15 2.43e-15 2.38e-15 2.34e-15 2.29e-15 2.25e-15 2.21e-15 2.16e-15 2.12e-15 2.08e-15 2.04e-15 2.01e-15 1.97e-15 1.93e-15 1.89e-15 1.86e-15 1.82e-15 1.79e-15 1.76e-15 1.72e-15 1.69e-15 1.66e-15 1.63e-15 1.6e-15 1.57e-15 1.54e-15 1.51e-15 1.48e-15 1.46e-15 1.43e-15 1.4e-15 1.38e-15 1.35e-15 1.33e-15 1.3e-15 1.28e-15 1.26e-15 1.23e-15 1.21e-15 1.19e-15 1.17e-15 1.15e-15 1.13e-15 1.11e-15 1.09e-15 1.07e-15 1.05e-15 1.03e-15 1.01e-15 9.899999999999999e-16 9.73e-16 9.549999999999999e-16 9.380000000000001e-16 9.21e-16 9.049999999999999e-16 8.89e-16 8.73e-16 8.57e-16 8.42e-16 8.27e-16 8.12e-16 7.98e-16 7.84e-16 7.7e-16 7.56e-16 7.43e-16 7.3e-16 7.17e-16 7.04e-16 6.92e-16 6.8e-16 6.68e-16 6.56e-16 6.44e-16 6.33e-16 6.22e-16 6.11e-16 6.01e-16 5.9e-16 5.8e-16 5.7e-16 5.6e-16 5.5e-16 5.41e-16 5.31e-16 5.22e-16 5.13e-16 5.04e-16 4.96e-16 4.87e-16 4.79e-16 4.71e-16 4.63e-16 4.55e-16 4.47e-16 4.39e-16 4.32e-16 4.25e-16 4.17e-16 4.1e-16 4.03e-16 3.97e-16 3.9e-16 3.83e-16 3.77e-16 3.71e-16 3.64e-16 3.58e-16 3.52e-16 3.46e-16 3.41e-16 3.35e-16 3.29e-16 3.24e-16 3.19e-16 3.13e-16 3.08e-16 3.03e-16 2.98e-16 2.93e-16 2.88e-16 2.84e-16 2.79e-16 2.75e-16 2.7e-16 2.66e-16 2.61e-16 2.57e-16 2.53e-16 2.49e-16 2.45e-16 2.41e-16 2.37e-16 2.33e-16 2.3e-16 2.26e-16 2.22e-16 2.19e-16 2.15e-16 2.12e-16 2.09e-16 2.05e-16 2.02e-16 1.99e-16 1.96e-16 1.93e-16 1.9e-16 1.87e-16 1.84e-16 1.81e-16 1.78e-16 1.75e-16 1.73e-16 1.7e-16 1.67e-16 1.65e-16 1.62e-16 1.6e-16 1.57e-16 1.55e-16 1.53e-16 1.5e-16 1.48e-16 1.46e-16 1.44e-16 1.41e-16 1.39e-16 1.37e-16 1.35e-16 1.33e-16 1.31e-16 1.29e-16 1.27e-16 1.25e-16 1.24e-16 1.22e-16 1.2e-16 1.18e-16 1.17e-16 1.15e-16 1.13e-16 1.12e-16 1.1e-16 1.08e-16 1.07e-16 1.05e-16 1.04e-16 1.02e-16 1.01e-16 9.94e-17 9.8e-17 9.659999999999999e-17 9.53e-17 9.4e-17 9.26e-17 9.14e-17 9.01e-17 8.88e-17 8.76e-17 8.64e-17 8.52e-17 8.41e-17 8.29e-17 8.180000000000001e-17 8.07e-17 7.96e-17 7.850000000000001e-17 7.75e-17 7.65e-17 7.54e-17 7.44e-17 7.339999999999999e-17 7.249999999999999e-17 7.15e-17 7.06e-17 6.97e-17 6.88e-17 6.79e-17 6.7e-17 6.61e-17 6.53e-17 6.44e-17 6.36e-17 6.28e-17 6.2e-17 6.12e-17 6.05e-17 5.97e-17 5.9e-17 5.82e-17 5.75e-17 5.680000000000001e-17 5.61e-17 5.54e-17 5.47e-17 5.41e-17 5.34e-17 5.28e-17 5.21e-17 5.15e-17 5.09e-17 5.03e-17 4.97e-17 4.91e-17 4.85e-17 4.79e-17 4.74e-17 4.68e-17 4.63e-17 4.57e-17 4.52e-17 4.47e-17 4.42e-17 4.37e-17 4.32e-17 4.27e-17 4.22e-17 4.18e-17 4.13e-17 4.08e-17 4.04e-17 3.99e-17 3.95e-17 3.91e-17 3.86e-17 3.82e-17 3.78e-17 3.74e-17 3.7e-17 3.66e-17 3.62e-17 3.58e-17 3.55e-17 3.51e-17 3.47e-17 3.44e-17 3.4e-17 3.37e-17 3.33e-17 3.3e-17 3.26e-17 3.23e-17 3.2e-17 3.17e-17 3.14e-17 3.1e-17 3.07e-17 3.04e-17 3.01e-17 2.98e-17 2.95e-17 2.93e-17 2.9e-17 2.87e-17 2.84e-17 2.82e-17 2.79e-17 2.76e-17 2.74e-17 2.71e-17 2.69e-17 2.66e-17 2.64e-17 2.61e-17 2.59e-17 2.57e-17 2.54e-17 2.52e-17 2.5e-17 2.47e-17 2.45e-17 2.43e-17 2.41e-17 2.39e-17 2.37e-17 2.35e-17 2.33e-17 2.31e-17 2.29e-17 2.27e-17 2.25e-17 2.23e-17 2.21e-17 2.19e-17 2.17e-17 2.16e-17 2.14e-17 2.12e-17 2.1e-17 2.09e-17 2.07e-17 2.05e-17 2.04e-17 2.02e-17 2e-17 1.99e-17 1.97e-17 1.96e-17 1.94e-17 1.93e-17 1.91e-17 1.9e-17 1.88e-17 1.87e-17 1.85e-17 1.84e-17 1.83e-17 1.81e-17 1.8e-17 1.79e-17 1.77e-17 1.76e-17 1.75e-17 1.73e-17 1.72e-17 1.71e-17 1.7e-17 1.68e-17 1.67e-17 1.66e-17 1.65e-17 1.64e-17 1.63e-17 1.61e-17 1.6e-17 1.59e-17 1.58e-17 1.57e-17 1.56e-17 1.55e-17 1.54e-17 1.53e-17 1.52e-17 1.51e-17 1.5e-17 1.49e-17 1.48e-17 1.47e-17 1.46e-17 1.45e-17 1.44e-17 1.43e-17 1.42e-17 1.41e-17 1.4e-17 1.39e-17 1.38e-17 1.38e-17 1.37e-17 1.36e-17 1.35e-17 1.34e-17 1.33e-17 1.32e-17 1.32e-17 1.31e-17 1.3e-17 1.29e-17 1.28e-17 1.28e-17 1.27e-17 1.26e-17 1.25e-17 1.25e-17 1.24e-17 1.23e-17 1.22e-17 1.22e-17 1.21e-17 1.2e-17 1.2e-17 1.19e-17 1.18e-17 1.18e-17 1.17e-17 1.16e-17 1.16e-17 1.15e-17 1.14e-17 1.14e-17 1.13e-17 1.12e-17 1.12e-17 1.11e-17 1.1e-17 1.1e-17 1.09e-17 1.09e-17 1.08e-17 1.07e-17 1.07e-17 1.06e-17 1.06e-17 1.05e-17 1.05e-17 1.04e-17 